0000000000000000000000000
0000000000000000000000000
0000001111111100000000000
0000001111111100000000000
0000001111111100000000000
0000000000000000000000000
0000000000000000000000000
0000000000000000000000000
0000000000000001111000000
0000001110000000000000000
0000000000000000000000000
0000000000000000000000000
0000000000000000000000000
0000000000000011111000000
0000000000000000000000000
0000110000000000000000000
0001111000000000000000000
0000000000000000000000000
0000000000000000000000000
0000000000000001111000000
0000000000000001111000000
0000000000000001111000000
0000000000000001111000000
0000000000000000000000000
0000000000000000000000000
0000000000000000000000000
0000000000000000000000000
0000000000000000000000000
0000000000000000000000000
0000000000000000000000000
0000000000000000000000000