1111000111111111000111111
1111000111111111000111111
1111000111111111000111111
1111000111111111000111111
1111000111111111000111111
1111000111111111000011111
1111000111111111000111111
1111000111111111000111111
1111000111111111000111111
1111000111111111000111111
1111000111111111000111111
1111000111111111000111111
1111000111111111000111111
1111000111111111000111111
1111000011111111000111111
1111000111111111000111111
1111000111111111000111111
1111000111111111000111111
1111000111111111000111111
1111000111111111000111111
1111000111111111000111111
1111000111111111000111111
1111000111111111000111111
1111000111111111000111111
1111000111111111000111111
1111000111111111000011111
1111000111111111000111111
1111000111111111000111111
1111000111111111000111111
1111000111111111000111111
1111000111111111000111111